===============================================================================
 Language            Files        Lines         Code     Comments       Blanks
===============================================================================
 CSS                     1            3            3            0            0
 HTML                    1            9            9            0            0
 JavaScript              3           74           73            0            1
 JSON                    4        20673        20673            0            0
 Python                  7          553          455           35           63
 ReStructuredText        1           56           36            0           20
 Plain Text              4            9            0            9            0
 TSX                    36         1114          979           19          116
 TypeScript              5           57           51            0            6
-------------------------------------------------------------------------------
 Markdown                1           19            0           11            8
 |- BASH                 1            2            2            0            0
 (Total)                             21            2           11            8
===============================================================================
 Total                  63        22567        22279           74          214
===============================================================================
